date,state,positive,negative,pending,hospitalizedCurrently,hospitalizedCumulative,inIcuCurrently,inIcuCumulative,onVentilatorCurrently,onVentilatorCumulative,recovered,dataQualityGrade,lastUpdateEt,dateModified,checkTimeEt,death,hospitalized,dateChecked,totalTestsViral,positiveTestsViral,negativeTestsViral,positiveCasesViral,fips,positiveIncrease,negativeIncrease,total,totalTestResults,totalTestResultsIncrease,posNeg,deathIncrease,hospitalizedIncrease,hash,commercialScore,negativeRegularScore,negativeScore,positiveScore,score,grade
20200623,NM,10694,287382,,139,1754,,,,,4742,C,6/22/2020 17:54,Invalid DateTime,Invalid DateTime,469,1754,Invalid DateTime,,,,10694,35,129,4516,298076,298076,4645,298076,0,8,c03a24975e303babbf21a18e015711ea5271dea1,0,0,0,0,0,
20200622,NM,10565,282866,,134,1746,,,,,4684,C,6/21/2020 17:01,Invalid DateTime,Invalid DateTime,469,1746,Invalid DateTime,,,,10565,35,0,0,293431,293431,0,293431,0,0,320eb72c392397ebd85bc29e850de2c19ae84910,0,0,0,0,0,
20200621,NM,10565,282866,,134,1746,,,,,4684,C,6/20/2020 17:01,Invalid DateTime,Invalid DateTime,469,1746,Invalid DateTime,,,,10565,35,305,8524,293431,293431,8829,293431,5,11,fe096d13f8230773250165b0ee3d27e9ba31e338,0,0,0,0,0,
20200620,NM,10260,274342,,147,1735,,,,,4512,C,6/19/2020 18:45,Invalid DateTime,Invalid DateTime,464,1735,Invalid DateTime,,,,10260,35,107,4320,284602,284602,4427,284602,8,9,b4ba03e2d97f53631d0e7044947a55d3efaa95d0,0,0,0,0,0,
20200619,NM,10153,270022,,157,1726,,,,,4439,C,6/19/2020 12:41,Invalid DateTime,Invalid DateTime,456,1726,Invalid DateTime,,,,10153,35,88,4190,280175,280175,4278,280175,4,11,8e4c6605469ba77fd793585f14d79fbcf91413a2,0,0,0,0,0,
20200618,NM,10065,265832,,161,1715,,,,,4351,C,6/17/2020 17:45,Invalid DateTime,Invalid DateTime,452,1715,Invalid DateTime,,,,10065,35,132,4212,275897,275897,4344,275897,5,17,60ca8e90b057e15ec84de521f8cc6c72500e5784,0,0,0,0,0,
20200617,NM,9933,261620,,156,1698,,,,,4217,C,6/16/2020 16:51,Invalid DateTime,Invalid DateTime,447,1698,Invalid DateTime,,,,9933,35,88,3544,271553,271553,3632,271553,7,12,9c5c795e7a7f531555b01e04239810772bee0234,0,0,0,0,0,
20200616,NM,9845,258076,,161,1686,,,,,4160,C,6/16/2020 09:58,Invalid DateTime,Invalid DateTime,440,1686,Invalid DateTime,,,,9845,35,122,4134,267921,267921,4256,267921,5,61,44cb55b35ef4749635300201b9a990ec748d3aea,0,0,0,0,0,
20200615,NM,9723,253942,,162,1625,,,,,4114,C,6/14/2020 17:03,Invalid DateTime,Invalid DateTime,435,1625,Invalid DateTime,,,,9723,35,102,4569,263665,263665,4671,263665,4,0,ea1d676a7cd2aa497156b1832b6715cae0f8f0bf,0,0,0,0,0,
20200614,NM,9621,249373,,172,1625,,,,,4072,C,6/13/2020 17:03,Invalid DateTime,Invalid DateTime,431,1625,Invalid DateTime,,,,9621,35,95,3615,258994,258994,3710,258994,5,0,f26671c2263883459a4aecfd18faf0e53fcfe4d3,0,0,0,0,0,
20200613,NM,9526,245758,,179,1625,,,,,3983,C,6/12/2020 16:30,Invalid DateTime,Invalid DateTime,426,1625,Invalid DateTime,,,,9526,35,0,0,255284,255284,0,255284,0,0,728e3c6c1904e55e64779d0a0aac4e3d5ab556e9,0,0,0,0,0,
20200612,NM,9526,245758,,179,1625,,,,,3983,C,6/12/2020 16:30,Invalid DateTime,Invalid DateTime,426,1625,Invalid DateTime,,,,9526,35,276,9451,255284,255284,9727,255284,16,42,121a6f6a09ad48bf99e27d8161e1706d7bd6c05a,0,0,0,0,0,
20200611,NM,9250,236307,,197,1583,,,,,3806,C,6/10/2020 17:00,Invalid DateTime,Invalid DateTime,410,1583,Invalid DateTime,,,,9250,35,145,3755,245557,245557,3900,245557,6,0,f748e7a641b134f20402fa81b07028ee1c6c91c2,0,0,0,0,0,
20200610,NM,9105,232552,,193,1583,,,,,3699,C,6/09/2020 16:51,Invalid DateTime,Invalid DateTime,404,1583,Invalid DateTime,,,,9105,35,43,2813,241657,241657,2856,241657,4,25,580505e63e10772e1099c659fc4499523d961824,0,0,0,0,0,
20200609,NM,9062,229739,,183,1558,,,,,3380,C,6/08/2020 16:51,Invalid DateTime,Invalid DateTime,400,1558,Invalid DateTime,,,,9062,35,122,4304,238801,238801,4426,238801,4,25,d5b9321ed8de1759ca4fe5514c02950db55690b0,0,0,0,0,0,
20200608,NM,8940,225435,,177,1533,,,,,3307,C,6/07/2020 17:00,Invalid DateTime,Invalid DateTime,396,1533,Invalid DateTime,,,,8940,35,140,5088,234375,234375,5228,234375,4,44,97e01a493a4e27d2012ebb763d9294dd00eb4755,0,0,0,0,0,
20200607,NM,8800,220347,,176,1489,,,,,3286,C,6/06/2020 17:00,Invalid DateTime,Invalid DateTime,392,1489,Invalid DateTime,,,,8800,35,128,4379,229147,229147,4507,229147,5,0,5826d5581f1dbf9db70b8dbc9b14b89db05f3e30,0,0,0,0,0,
20200606,NM,8672,215968,,175,1489,,,,,3206,C,6/05/2020 17:00,Invalid DateTime,Invalid DateTime,387,1489,Invalid DateTime,,,,8672,35,319,6564,224640,224640,6883,224640,4,73,cc9e03900e62ac646d28175e6ea853103ddaee29,0,0,0,0,0,
20200605,NM,8353,209404,,170,1416,,,,,3115,C,6/04/2020 15:06,Invalid DateTime,Invalid DateTime,383,1416,Invalid DateTime,,,,8353,35,213,4548,217757,217757,4761,217757,8,0,b985416e798d6cd960103464e2950083a4507d9d,0,0,0,0,0,
20200604,NM,8140,204856,,170,1416,,,,,3013,C,6/04/2020 10:11,Invalid DateTime,Invalid DateTime,375,1416,Invalid DateTime,,,,8140,35,116,6043,212996,212996,6159,212996,8,0,31a353c876b89734ff496109616d2a0a2ac433b1,0,0,0,0,0,
20200603,NM,8024,198813,,182,1416,,,,,2960,C,6/02/2020 17:04,Invalid DateTime,Invalid DateTime,367,1416,Invalid DateTime,,,,8024,35,224,3498,206837,206837,3722,206837,5,99,68fcd4391bfc9b050a284ef7a579aa11d3a7d5ca,0,0,0,0,0,
20200602,NM,7800,195315,,191,1317,,,,,2888,C,6/01/2020 17:00,Invalid DateTime,Invalid DateTime,362,1317,Invalid DateTime,,,,7800,35,111,3400,203115,203115,3511,203115,6,0,b865e3a979daa4331a5e016ab5cf86060d6beb13,0,0,0,0,0,
20200601,NM,7689,191915,,182,1317,,,,,2853,C,5/31/2020 18:30,Invalid DateTime,Invalid DateTime,356,1317,Invalid DateTime,,,,7689,35,65,5092,199604,199604,5157,199604,5,0,e06c02dafce55f6400c0096e7e42b638ce719a9a,0,0,0,0,0,
20200531,NM,7624,186823,,189,1317,,,,,2835,C,5/30/2020 19:05,Invalid DateTime,Invalid DateTime,351,1317,Invalid DateTime,,,,7624,35,131,6055,194447,194447,6186,194447,7,0,3c33deca3aedc2d6f5ed8c20f0158f322afa551d,0,0,0,0,0,
20200530,NM,7493,180768,,193,1317,,,,,2728,C,5/29/2020 16:56,Invalid DateTime,Invalid DateTime,344,1317,Invalid DateTime,,,,7493,35,129,4588,188261,188261,4717,188261,9,0,0691abb9fdcff27eb9a9c516e27722d86f6b7e98,0,0,0,0,0,
20200529,NM,7364,176180,,196,1317,,,,,2684,C,5/28/2020 18:30,Invalid DateTime,Invalid DateTime,335,1317,Invalid DateTime,,,,7364,35,112,3889,183544,183544,4001,183544,6,35,6e4bba55feca3c0e7f3be149f174f8837aebd8ee,0,0,0,0,0,
20200528,NM,7252,172291,,210,1282,,,,,2638,C,5/27/2020 17:19,Invalid DateTime,Invalid DateTime,329,1282,Invalid DateTime,,,,7252,35,122,-1225,179543,179543,-1103,179543,4,0,697c4f028319ce6e07b3b94659404c4728b11309,0,0,0,0,0,
20200527,NM,7130,173516,,211,1282,,,,,2564,C,5/26/2020 23:32,Invalid DateTime,Invalid DateTime,325,1282,Invalid DateTime,,,,7130,35,104,3181,180646,180646,3285,180646,5,18,5c0bf1d9d38d3788598b4dd375cecc52adcca910,0,0,0,0,0,
20200526,NM,7026,170335,,216,1264,,,,,2522,C,5/25/2020 18:49,Invalid DateTime,Invalid DateTime,320,1264,Invalid DateTime,,,,7026,35,83,3797,177361,177361,3880,177361,3,21,8cf5d04665637f4848fa909aa24dfd83c64269a7,0,0,0,0,0,
20200525,NM,6943,166538,,213,1243,,,,,2464,C,5/24/2020 17:03,Invalid DateTime,Invalid DateTime,317,1243,Invalid DateTime,,,,6943,35,148,4214,173481,173481,4362,173481,9,104,70f4134e08b267c280ae00dbc50e3ac6406075bc,0,0,0,0,0,
20200524,NM,6795,162324,,208,1139,,,,,2357,C,5/23/2020 19:01,Invalid DateTime,Invalid DateTime,308,1139,Invalid DateTime,,,,6795,35,170,10566,169119,169119,10736,169119,6,0,9d1f8f1f43b054d379bb90e1ad1cfe75d003793b,0,0,0,0,0,
20200523,NM,6625,151758,,206,1139,,,,,2149,C,5/22/2020 16:58,Invalid DateTime,Invalid DateTime,302,1139,Invalid DateTime,,,,6625,35,153,5463,158383,158383,5616,158383,8,0,681413eae94be15520219ef8f37f1158bdf5901c,0,0,0,0,0,
20200522,NM,6472,146295,,205,1139,,,,,2041,C,5/21/2020 17:00,Invalid DateTime,Invalid DateTime,294,1139,Invalid DateTime,,,,6472,35,155,5268,152767,152767,5423,152767,11,0,286ece507601b6192d0f07b892da8ebd20d68fcd,0,0,0,0,0,
20200521,NM,6317,141027,,206,1139,,,,,1985,C,5/20/2020 17:35,Invalid DateTime,Invalid DateTime,283,1139,Invalid DateTime,,,,6317,35,125,4973,147344,147344,5098,147344,7,0,954c7c3743ceb21e58752a04df4d0986ed87c27c,0,0,0,0,0,
20200520,NM,6192,136054,,204,1139,,,,,1882,C,5/20/2020 13:25,Invalid DateTime,Invalid DateTime,276,1139,Invalid DateTime,,,,6192,35,96,4530,142246,142246,4626,142246,6,253,a9145ec1465736d13abb3117caea4ad21feb4bb8,0,0,0,0,0,
20200519,NM,6096,131524,,213,886,,,,,1796,C,5/18/2020 17:05,Invalid DateTime,Invalid DateTime,270,886,Invalid DateTime,,,,6096,35,158,4209,137620,137620,4367,137620,5,0,c8a2f664dd7d471ee4139c8baff96fe1780bdbb6,0,0,0,0,0,
20200518,NM,5938,127315,,211,886,,,,,1755,C,5/17/2020 16:29,Invalid DateTime,Invalid DateTime,265,886,Invalid DateTime,,,,5938,35,81,4588,133253,133253,4669,133253,6,0,6020a729803364c7baf616926e403a415f30d51c,0,0,0,0,0,
20200517,NM,5857,122727,,208,886,,,,,1739,C,5/16/2020 17:05,Invalid DateTime,Invalid DateTime,259,886,Invalid DateTime,,,,5847,35,195,3931,128584,128584,4126,128584,6,0,5325b839b15c979cb01dcac49725e0707c79da12,0,0,0,0,0,
20200516,NM,5662,118796,,223,886,,,,,1671,C,5/15/2020 17:01,Invalid DateTime,Invalid DateTime,253,886,Invalid DateTime,,,,5662,35,159,4698,124458,124458,4857,124458,11,0,27f67eb41eed9d53d1138b0cd85f0b4aaae4e484,0,0,0,0,0,
20200515,NM,5503,114098,,209,886,,,,,1576,C,5/14/2020 16:55,Invalid DateTime,Invalid DateTime,242,886,Invalid DateTime,,,,5503,35,139,4451,119601,119601,4590,119601,11,0,95f51377085903bfba5e30c03010549f38222554,0,0,0,0,0,
20200514,NM,5364,109647,,200,886,,,,,1515,C,5/13/2020 19:20,Invalid DateTime,Invalid DateTime,231,886,Invalid DateTime,,,,5364,35,152,4570,115011,115011,4722,115011,12,0,643030f3ae1bc90f8366fa173b3651d284e3fccf,0,0,0,0,0,
20200513,NM,5212,105077,,199,886,,,,,1434,C,5/12/2020 17:05,Invalid DateTime,Invalid DateTime,219,886,Invalid DateTime,,,,5212,35,143,3425,110289,110289,3568,110289,11,0,c986e639aa6aa0011d1c89027f992c46f425d141,0,0,0,0,0,
20200512,NM,5069,101652,,207,886,,,,,1300,C,5/11/2020 21:33,Invalid DateTime,Invalid DateTime,208,886,Invalid DateTime,,,,5069,35,206,4017,106721,106721,4223,106721,8,97,f4528a2e71688e61d9d80fe29c06a7a5cccb4465,0,0,0,0,0,
20200511,NM,4863,97635,,194,789,,,,,1285,C,5/10/2020 16:50,Invalid DateTime,Invalid DateTime,200,789,Invalid DateTime,,,,4863,35,85,5360,102498,102498,5445,102498,9,0,ae1d218baa3731b01e02bc71ae8c42085ce93c3a,0,0,0,0,0,
20200510,NM,4778,92275,,198,789,,,,,1268,C,5/09/2020 15:00,Invalid DateTime,Invalid DateTime,191,789,Invalid DateTime,,,,4778,35,105,3686,97053,97053,3791,97053,10,0,402ee82f3416c8dbb854f27e4af62df3ec42e561,0,0,0,0,0,
20200509,NM,4673,88589,,201,789,,,,,1189,C,5/08/2020 05:05,Invalid DateTime,Invalid DateTime,181,789,Invalid DateTime,,,,4673,35,180,4050,93262,93262,4230,93262,9,29,5aee00b1f70392ab1d6458452e92d6cb7f0ef1d3,0,0,0,0,0,
20200508,NM,4493,84539,,197,760,,,,,1125,C,5/07/2020 05:09,Invalid DateTime,Invalid DateTime,172,760,Invalid DateTime,,,,4493,35,202,3146,89032,89032,3348,89032,3,73,e19cc1ab38f67f3752a99878f8217144903cd5db,0,0,0,0,0,
20200507,NM,4291,81393,,193,687,,,,,1073,C,5/06/2020 05:01,Invalid DateTime,Invalid DateTime,169,687,Invalid DateTime,,,,4291,35,153,2280,85684,85684,2433,85684,7,0,7bfa13111ecea9c986c4fb8ed7dfa98962485369,0,0,0,0,0,
20200506,NM,4138,79113,,178,687,,,,,964,C,5/05/2020 16:30,Invalid DateTime,Invalid DateTime,162,687,Invalid DateTime,,,,4138,35,107,1424,83251,83251,1531,83251,6,20,328a21b0d14c8fe6cf89b6d7f21542e8a06e92c4,0,0,0,0,0,
20200505,NM,4031,77689,,181,667,,,,,842,C,5/04/2020 16:53,Invalid DateTime,Invalid DateTime,156,667,Invalid DateTime,,,,4031,35,181,3562,81720,81720,3743,81720,5,80,b5d9cc28c0a7908df64fa5f5a113bae65fe088d9,0,0,0,0,0,
20200504,NM,3850,74127,,164,587,,,,,832,C,5/03/2020 16:58,Invalid DateTime,Invalid DateTime,151,587,Invalid DateTime,,,,3850,35,118,2915,77977,77977,3033,77977,12,0,ababe947ef9236b7701df74676732d0afb1d3a95,0,0,0,0,0,
20200503,NM,3732,71212,,168,587,,,,,812,C,5/02/2020 17:00,Invalid DateTime,Invalid DateTime,139,587,Invalid DateTime,,,,3732,35,219,3607,74944,74944,3826,74944,8,0,4509f478f0649e963fd673b2f7ad4772f2c6404e,0,0,0,0,0,
20200502,NM,3513,67605,,159,587,,,,,785,C,5/01/2020 19:02,Invalid DateTime,Invalid DateTime,131,587,Invalid DateTime,,,,3513,35,102,3147,71118,71118,3249,71118,8,51,f0e082f74bd1f8de50d5e7575420c1cfdb8a908f,0,0,0,0,0,
20200501,NM,3411,64458,,172,536,,,,,760,C,5/01/2020 09:55,Invalid DateTime,Invalid DateTime,123,536,Invalid DateTime,,,,3411,35,198,2586,67869,67869,2784,67869,11,0,0e14d6e53100c00cc358753ff9ce9f78552b54ff,0,0,0,0,0,
20200430,NM,3213,61872,,163,536,,,,,734,C,4/29/2020 19:02,Invalid DateTime,Invalid DateTime,112,536,Invalid DateTime,,,,3213,35,239,3101,65085,65085,3340,65085,2,27,1972dc7fc7b9aeae57ff965ffd723430af502088,0,0,0,0,0,
20200429,NM,2974,58771,,157,509,,,,,705,C,4/28/2020 17:00,Invalid DateTime,Invalid DateTime,110,509,Invalid DateTime,,,,2974,35,151,2791,61745,61745,2942,61745,6,28,c786da5d7e32fc45023ad48ddeec0da37a174fa7,0,0,0,0,0,
20200428,NM,2823,55980,,155,481,,,,,666,C,4/27/2020 17:04,Invalid DateTime,Invalid DateTime,104,481,Invalid DateTime,,,,,35,97,2091,58803,58803,2188,58803,5,69,8c5db82accb2b6973d7cdaf87c8b1dc7a33cffe2,0,0,0,0,0,
20200427,NM,2726,53889,,148,412,,,,,650,C,4/26/2020 17:01,Invalid DateTime,Invalid DateTime,99,412,Invalid DateTime,,,,,35,66,2814,56615,56615,2880,56615,6,0,3f2a2c0431f1948dac6090489e9de385a8f0c12a,0,0,0,0,0,
20200426,NM,2660,51075,,152,412,,,,,614,C,4/25/2020 19:24,Invalid DateTime,Invalid DateTime,93,412,Invalid DateTime,,,,,35,139,2086,53735,53735,2225,53735,9,0,f294fedcb465d789ab2048134a306d256d03dac4,0,0,0,0,0,
20200425,NM,2521,48989,,152,412,,,,,614,C,4/25/2020 12:59,Invalid DateTime,Invalid DateTime,84,412,Invalid DateTime,,,,,35,142,4805,51510,51510,4947,51510,6,45,669a1fac889bcd1b5a7a3755e18e97f52efcef5d,0,0,0,0,0,
20200424,NM,2379,44184,,123,367,,,,,573,A,4/24/2020 19:17,Invalid DateTime,Invalid DateTime,78,367,Invalid DateTime,,,,,35,169,5162,46563,46563,5331,46563,7,36,c8848de2923e28cb2d40dd94e3f1541d0a34b2cb,0,0,0,0,0,
20200423,NM,2210,39022,,121,331,,,,,547,A,4/23/2020 08:11,Invalid DateTime,Invalid DateTime,71,331,Invalid DateTime,,,,,35,138,217,41232,41232,355,41232,6,25,957e53c165df54a3d0330fd5cdfc13e0b0fefab3,0,0,0,0,0,
20200422,NM,2072,38805,,119,306,,,,,529,A,4/22/2020 18:11,Invalid DateTime,Invalid DateTime,65,306,Invalid DateTime,,,,,35,101,2021,40877,40877,2122,40877,7,15,ea310eb042e5edba87a3867bef9223297915c437,0,0,0,0,0,
20200421,NM,1971,36784,,116,291,,,,,501,A,4/21/2020 09:22,Invalid DateTime,Invalid DateTime,58,291,Invalid DateTime,,,,,35,126,1587,38755,38755,1713,38755,3,17,627cd988dfd32e12aef06508afe3e2a1ebd1e0d3,0,0,0,0,0,
20200420,NM,1845,35197,,103,274,,,,,487,A,4/19/2020 17:46,Invalid DateTime,Invalid DateTime,55,274,Invalid DateTime,,,,,35,47,363,37042,37042,410,37042,2,16,816ad76a4d06ad0d53f9e19bdd1a944827f6d9e1,0,0,0,0,0,
20200419,NM,1798,34834,,92,258,,,,,465,A,4/19/2020 18:46,Invalid DateTime,Invalid DateTime,53,258,Invalid DateTime,,,,,35,87,932,36632,36632,1019,36632,2,16,ce7cc7eacd5333683209b847704eb0beb8739a29,0,0,0,0,0,
20200418,NM,1711,33902,,96,242,,,,,382,A,4/17/2020 20:53,Invalid DateTime,Invalid DateTime,51,242,Invalid DateTime,,,,,35,114,1011,35613,35613,1125,35613,7,12,58d22964f367b56adfe7d96bdcc4dddfb01525fc,0,0,0,0,0,
20200417,NM,1597,32891,,90,230,,,,,353,A,4/17/2020 19:53,Invalid DateTime,Invalid DateTime,44,230,Invalid DateTime,,,,,35,113,981,34488,34488,1094,34488,8,15,1219c4629f1f1255997c47dd21aead36ec85f552,0,0,0,0,0,
20200416,NM,1484,31910,,90,215,,,,,353,A,4/16/2020 18:09,Invalid DateTime,Invalid DateTime,36,215,Invalid DateTime,,,,,35,77,467,33394,33394,544,33394,0,34,1b601b9ce715ef1901b18ab488b1a9385811a732,0,0,0,0,0,
20200415,NM,1407,31443,,87,181,,,,,340,A,4/14/2020 17:56,Invalid DateTime,Invalid DateTime,36,181,Invalid DateTime,,,,,35,62,818,32850,32850,880,32850,5,0,725b7d69760abe7d43bb2d30f92b7cd510aa80d2,0,0,0,0,0,
20200414,NM,1345,30625,,87,181,,,,,304,A,4/14/2020 19:56,Invalid DateTime,Invalid DateTime,31,181,Invalid DateTime,,,,,35,100,1355,31970,31970,1455,31970,5,181,d6673698b937231cc8f7a9df0fa830407065141b,0,0,0,0,0,
20200413,NM,1245,29270,,80,,,,,,295,A,4/12/2020 23:00,Invalid DateTime,Invalid DateTime,26,,Invalid DateTime,,,,,35,71,1752,30515,30515,1823,30515,6,0,5379491aef69922371f99e972e460b6695fd4634,0,0,0,0,0,
20200412,NM,1174,27518,,78,,,,18,,235,A,4/10/2020 23:00,Invalid DateTime,Invalid DateTime,20,,Invalid DateTime,,,,,35,83,1511,28692,28692,1594,28692,1,0,6c7c722f62cb64c194eb3d0243a2908b4897fc6e,0,0,0,0,0,
20200411,NM,1091,26007,,75,,,,18,,235,A,4/09/2020 23:00,Invalid DateTime,Invalid DateTime,19,,Invalid DateTime,,,,,35,0,0,27098,27098,0,27098,0,0,f146ee378f1d6459572c994d79ab7ec5d7c75b69,0,0,0,0,0,
20200410,NM,1091,26007,,73,,,,18,,217,A,4/09/2020 23:00,Invalid DateTime,Invalid DateTime,19,,Invalid DateTime,,,,,35,226,3065,27098,27098,3291,27098,3,0,173e4994c5338ae581e902cfd0b93b4744271b0f,0,0,0,0,0,
20200409,NM,865,22942,,59,,,,18,,201,A,4/07/2020 23:00,Invalid DateTime,Invalid DateTime,16,,Invalid DateTime,,,,,35,71,1491,23807,23807,1562,23807,3,0,3799ad3d8065fa7b9489e2d4c2b310fb3688456a,0,0,0,0,0,
20200408,NM,794,21451,,51,,,,18,,171,A,4/06/2020 23:00,Invalid DateTime,Invalid DateTime,13,,Invalid DateTime,,,,,35,108,312,22245,22245,420,22245,1,0,c6e8aab80781d6b4aa4d3f6d6e19d1528e02dca3,0,0,0,0,0,
20200407,NM,686,21139,,48,,,,18,,133,A,4/05/2020 23:00,Invalid DateTime,Invalid DateTime,12,,Invalid DateTime,,,,,35,62,2627,21825,21825,2689,21825,0,0,6256e0c1e592642a4b0132e686cd178b6641b698,0,0,0,0,0,
20200406,NM,624,18512,,45,,,,18,,130,A,4/05/2020 23:00,Invalid DateTime,Invalid DateTime,12,,Invalid DateTime,,,,,35,81,2227,19136,19136,2308,19136,1,0,5f6adef9a46b269f920f5a61c40b942814af95d9,0,0,0,0,0,
20200405,NM,543,16285,,37,,,,18,,54,A,4/03/2020 23:00,Invalid DateTime,Invalid DateTime,11,,Invalid DateTime,,,,,35,48,1148,16828,16828,1196,16828,1,0,16608d8f91061986c5cce5b32e165ea8800fa3bf,0,0,0,0,0,
20200404,NM,495,15137,,41,,,,18,,26,A,4/02/2020 23:00,Invalid DateTime,Invalid DateTime,10,,Invalid DateTime,,,,,35,92,762,15632,15632,854,15632,3,0,8e66e54871d206e34ed1176799f081e04e65c0d5,0,0,0,0,0,
20200403,NM,403,14375,,31,,,,,,26,A,4/01/2020 23:00,Invalid DateTime,Invalid DateTime,7,,Invalid DateTime,,,,,35,40,727,14778,14778,767,14778,1,0,c495241398f027c4c6c559182c4e75bf53607e67,0,0,0,0,0,
20200402,NM,363,13648,,31,,,,,,26,A,3/31/2020 23:00,Invalid DateTime,Invalid DateTime,6,,Invalid DateTime,,,,,35,48,723,14011,14011,771,14011,1,0,e32ad654c187f07f24d3cac8e3c6671345045223,0,0,0,0,0,
20200401,NM,315,12925,,24,,,,,,26,A,3/31/2020 21:22,Invalid DateTime,Invalid DateTime,5,,Invalid DateTime,,,,,35,34,679,13240,13240,713,13240,1,0,df2d072312d4bef5c708791655521e883d598b3a,0,0,0,0,0,
20200331,NM,281,12246,,22,,,,,,26,A,3/30/2020 23:00,Invalid DateTime,Invalid DateTime,4,,Invalid DateTime,,,,,35,44,1304,12527,12527,1348,12527,2,0,b6ca8c7cab1226ed382a39efd7fc5a9e44da64c3,0,0,0,0,0,
20200330,NM,237,10942,,22,,,,,,26,A,3/28/2020 23:00,Invalid DateTime,Invalid DateTime,2,,Invalid DateTime,,,,,35,0,173,11179,11179,173,11179,0,0,0550059f2097bc23bd7fa03a39af9666c6e183e5,0,0,0,0,0,
20200329,NM,237,10769,,19,,,,,,2,A,3/28/2020 23:00,Invalid DateTime,Invalid DateTime,2,,Invalid DateTime,,,,,35,46,1573,11006,11006,1619,11006,1,0,d283377df592174314b3e6ec19d6449cbb470361,0,0,0,0,0,
20200328,NM,191,9196,,17,,,,,,,A,3/26/2020 23:00,Invalid DateTime,Invalid DateTime,1,,Invalid DateTime,,,,,35,55,819,9387,9387,874,9387,0,0,8ba9bef91d2790ba4aa013b66018ee4c41fe2119,0,0,0,0,0,
20200327,NM,136,8377,,,,,,,,,A,3/25/2020 23:00,Invalid DateTime,Invalid DateTime,1,,Invalid DateTime,,,,,35,24,696,8513,8513,720,8513,0,0,8d9b4412d6bd8919feeceb0a9386147b4a55b5ab,0,0,0,0,0,
20200326,NM,112,7681,,,,,,,,,A,3/24/2020 23:00,Invalid DateTime,Invalid DateTime,1,,Invalid DateTime,,,,,35,12,939,7793,7793,951,7793,0,0,dbdd64205f137c2bd74db69d826cea765d1f9d00,0,0,0,0,0,
20200325,NM,100,6742,,,,,,,,,A,3/23/2020 23:00,Invalid DateTime,Invalid DateTime,1,,Invalid DateTime,,,,,35,17,852,6842,6842,869,6842,1,0,15e57936eddd0f99b82e4585f3a1c10a26e66374,0,0,0,0,0,
20200324,NM,83,5890,,,,,,,,,A,3/22/2020 23:00,Invalid DateTime,Invalid DateTime,,,Invalid DateTime,,,,,35,18,569,5973,5973,587,5973,0,0,a2a9d92d91c3b738140b079231104ef771e58b43,0,0,0,0,0,
20200323,NM,65,5321,,,,,,,,,A,3/21/2020 23:00,Invalid DateTime,Invalid DateTime,,,Invalid DateTime,,,,,35,8,599,5386,5386,607,5386,0,0,066c905cb797e029a03d81bc82d53ac2805e3a9d,0,0,0,0,0,
20200322,NM,57,4722,,,,,,,,,,3/20/2020 23:00,Invalid DateTime,Invalid DateTime,,,Invalid DateTime,,,,,35,0,951,4779,4779,951,4779,0,0,f36d64a6a1fd2d1d2b752fa40702b381b86dbb0f,0,0,0,0,0,
20200321,NM,57,3771,,,,,,,,,,3/20/2020 23:00,Invalid DateTime,Invalid DateTime,,,Invalid DateTime,,,,,35,14,0,3828,3828,14,3828,0,0,52fb3d7217d987e62a90a55e46d35063759d318c,0,0,0,0,0,
20200320,NM,43,3771,,,,,,,,,,3/19/2020 23:00,Invalid DateTime,Invalid DateTime,,,Invalid DateTime,,,,,35,8,1009,3814,3814,1017,3814,0,0,e363af324a80964b705d70c0ae6bcdbd02cd2a64,0,0,0,0,0,
20200319,NM,35,2762,,,,,,,,,,3/18/2020 23:00,Invalid DateTime,Invalid DateTime,,,Invalid DateTime,,,,,35,7,436,2797,2797,443,2797,0,0,814a546417c9ac6d4c863fca557124e7087addaf,0,0,0,0,0,
20200318,NM,28,2326,,,,,,,,,,3/17/2020 23:00,Invalid DateTime,Invalid DateTime,,,Invalid DateTime,,,,,35,5,1077,2354,2354,1082,2354,0,0,46289086c942ea687c33f3f9e01a95741a532f31,0,0,0,0,0,
20200317,NM,23,1249,,,,,,,,,,3/16/2020 23:00,Invalid DateTime,Invalid DateTime,,,Invalid DateTime,,,,,35,6,683,1272,1272,689,1272,0,0,028d66bc6017264b751635b717ab054c40233e03,0,0,0,0,0,
20200316,NM,17,566,,,,,,,,,,3/16/2020 14:11,Invalid DateTime,Invalid DateTime,,,Invalid DateTime,,,,,35,4,84,583,583,88,583,0,0,9cc8eb8a56028b29eb36221325c8b694321cdd8a,0,0,0,0,0,
20200315,NM,13,482,,,,,,,,,,3/13/2020 12:00,Invalid DateTime,Invalid DateTime,,,Invalid DateTime,,,,,35,3,245,495,495,248,495,0,0,4ca1b023ac24201de3ae79431c897c329c37c156,0,0,0,0,0,
20200314,NM,10,237,,,,,,,,,,3/12/2020 23:00,Invalid DateTime,Invalid DateTime,,,Invalid DateTime,,,,,35,0,47,247,247,47,247,0,0,98f84722de5a60d0ec07593315444cc581cc4480,0,0,0,0,0,
20200313,NM,10,190,,,,,,,,,,3/11/2020 23:00,Invalid DateTime,Invalid DateTime,,,Invalid DateTime,,,,,35,5,35,200,200,40,200,0,0,dd1cd43fb5270635287471b9a3bb3bcfdc241911,0,0,0,0,0,
20200312,NM,5,155,,,,,,,,,,3/11/2020 23:00,Invalid DateTime,Invalid DateTime,,,Invalid DateTime,,,,,35,2,68,160,160,70,160,0,0,b788cadd95346246f9153781b0027a576f42b067,0,0,0,0,0,
20200311,NM,3,87,,,,,,,,,,,,,,,,,,,,35,3,18,90,90,21,90,0,0,4df4ee0914d4968ac80964beea2ae0cee8dd6691,0,0,0,0,0,
20200310,NM,0,69,,,,,,,,,,,,,,,,,,,,35,0,12,69,69,12,69,0,0,4cb16f8982fd4ab914da0a85577351287fbbf1f5,0,0,0,0,0,
20200309,NM,0,57,0,,,,,,,,,,,,,,,,,,,35,0,9,57,57,9,57,0,0,ee86be9f41f596be6f9564608e3119d4d52fca06,0,0,0,0,0,
20200308,NM,0,48,0,,,,,,,,,,,,,,,,,,,35,0,0,48,48,0,48,0,0,f6854691ad6d9d2570f3563ebf8ac0e32b02d575,0,0,0,0,0,
20200307,NM,0,48,0,,,,,,,,,,,,,,,,,,,35,0,32,48,48,32,48,0,0,1cd13da50ef736184d4ae7b7a053d526b4c92998,0,0,0,0,0,
20200306,NM,0,16,0,,,,,,,,,,,,,,,,,,,35,0,0,16,16,0,16,0,0,cf06ff49038fae8b95ee8ffe33b94f37f2de8730,0,0,0,0,0,
