date,state,positive,negative,pending,hospitalizedCurrently,hospitalizedCumulative,inIcuCurrently,inIcuCumulative,onVentilatorCurrently,onVentilatorCumulative,recovered,dataQualityGrade,lastUpdateEt,dateModified,checkTimeEt,death,hospitalized,dateChecked,totalTestsViral,positiveTestsViral,negativeTestsViral,positiveCasesViral,fips,positiveIncrease,negativeIncrease,total,totalTestResults,totalTestResultsIncrease,posNeg,deathIncrease,hospitalizedIncrease,hash,commercialScore,negativeRegularScore,negativeScore,positiveScore,score,grade
20200622,AK,761,90063,,13,,,,1,,491,A,6/22/2020 00:00,Invalid DateTime,Invalid DateTime,12,,Invalid DateTime,90824,,,,02,6,2767,90824,90824,2773,90824,0,0,6699c6b53406099d10e87c71e6ab841039aa2a4f,0,0,0,0,0,
20200621,AK,755,87296,,15,,,,1,,475,A,6/20/2020 23:00,Invalid DateTime,Invalid DateTime,12,,Invalid DateTime,88051,,,,02,12,1121,88051,88051,1133,88051,0,0,d09d086d7402760eda5335857433410acae6ceba,0,0,0,0,0,
20200620,AK,743,86175,,16,,,,1,,464,A,6/19/2020 23:00,Invalid DateTime,Invalid DateTime,12,,Invalid DateTime,86918,,,,02,21,3266,86918,86918,3287,86918,0,0,c7f4a97e5bc09f5c2d026066e2147a2d940bb618,0,0,0,0,0,
20200619,AK,722,82909,,18,,,,1,,457,A,6/18/2020 23:00,Invalid DateTime,Invalid DateTime,12,,Invalid DateTime,83631,,,,02,14,2432,83631,83631,2446,83631,0,0,3ed909a757399c1eb79dba063cc84e1ad2510787,0,0,0,0,0,
20200618,AK,708,80477,,18,,,,0,,449,A,6/17/2020 23:00,Invalid DateTime,Invalid DateTime,12,,Invalid DateTime,81185,,,,02,12,3464,81185,81185,3476,81185,0,0,34f9481565b7ca768da485a74224b6dc1c857830,0,0,0,0,0,
20200617,AK,696,77013,,23,,,,0,,438,A,6/16/2020 23:00,Invalid DateTime,Invalid DateTime,12,,Invalid DateTime,77709,,,,02,20,1474,77709,77709,1494,77709,0,0,71e384edf8130f6fb575ec12b0c2b87d277aaa0d,0,0,0,0,0,
20200616,AK,676,75539,,22,,,,2,,429,A,6/15/2020 23:00,Invalid DateTime,Invalid DateTime,12,,Invalid DateTime,76215,,,,02,12,1766,76215,76215,1778,76215,0,0,17277226f0d2095a21da5810ecc233f6ce7810cb,0,0,0,0,0,
20200615,AK,664,73773,,21,,,,3,,417,A,6/14/2020 23:00,Invalid DateTime,Invalid DateTime,12,,Invalid DateTime,74437,,,,02,3,967,74437,74437,970,74437,0,0,07ab166580d1a1a6e87e1d2e2a42c89f8f1a8a31,0,0,0,0,0,
20200614,AK,661,72806,,11,,,,1,,411,A,6/13/2020 23:00,Invalid DateTime,Invalid DateTime,12,,Invalid DateTime,73467,,,,02,7,1657,73467,73467,1664,73467,0,0,8e50cc4599d621fed8afcafe8f1452aedd461f1b,0,0,0,0,0,
20200613,AK,654,71149,,12,,,,2,,405,A,6/12/2020 23:00,Invalid DateTime,Invalid DateTime,12,,Invalid DateTime,71803,,,,02,29,894,71803,71803,923,71803,0,0,235235e07f10a6ee4bd5b17c4cc9b465ed4326bc,0,0,0,0,0,
20200612,AK,625,70255,,15,,,,3,,403,A,6/11/2020 23:00,Invalid DateTime,Invalid DateTime,12,,Invalid DateTime,70880,,,,02,14,1855,70880,70880,1869,70880,1,0,6a3d7f1e5d7b879e12ab94bf30c63c3e90582037,0,0,0,0,0,
20200611,AK,611,68400,,18,,,,4,,397,A,6/10/2020 23:00,Invalid DateTime,Invalid DateTime,11,,Invalid DateTime,69011,,,,02,18,1273,69011,69011,1291,69011,0,0,ca75576e31ca7e469479b780ec5df9dbbe7a73e8,0,0,0,0,0,
20200610,AK,593,67127,,22,,,,3,,392,A,6/09/2020 23:00,Invalid DateTime,Invalid DateTime,11,,Invalid DateTime,67720,,,,02,20,810,67720,67720,830,67720,0,0,40fb42f4aff183daeb93f7aacc318d41ab07ba6c,0,0,0,0,0,
20200609,AK,573,66317,,12,,,,1,,389,A,6/08/2020 23:00,Invalid DateTime,Invalid DateTime,11,,Invalid DateTime,66890,,,,02,10,968,66890,66890,978,66890,1,0,f8de0d081166e6e3188fbb9a092be5b53c196a3d,0,0,0,0,0,
20200608,AK,563,65349,,7,,,,0,,384,B,6/07/2020 23:00,Invalid DateTime,Invalid DateTime,10,,Invalid DateTime,65912,,,,02,19,989,65912,65912,1008,65912,0,0,8760d2af65826cde8bcdba7b9ec8399fc7407623,0,0,0,0,0,
20200607,AK,544,64360,,7,,,,1,,382,B,6/06/2020 23:00,Invalid DateTime,Invalid DateTime,10,,Invalid DateTime,64904,,,,02,8,995,64904,64904,1003,64904,0,-48,81b314074059a7f9f8d8b9c3253947cf1742b3ed,0,0,0,0,0,
20200606,AK,536,63365,,7,48,,,1,,382,A,6/05/2020 23:00,Invalid DateTime,Invalid DateTime,10,48,Invalid DateTime,63901,,,,02,12,2899,63901,63901,2911,63901,0,48,f00d76f39d56e96a7ef56f637f22a7f1d22b182b,0,0,0,0,0,
20200605,AK,524,60466,,8,,,,1,,380,A,6/04/2020 23:00,Invalid DateTime,Invalid DateTime,10,,Invalid DateTime,60990,,,,02,11,882,60990,60990,893,60990,0,0,de51d54563d418d8452a4fbc4cd3f6d374f9087d,0,0,0,0,0,
20200604,AK,513,59584,,13,,,,1,,376,A,6/03/2020 23:00,Invalid DateTime,Invalid DateTime,10,,Invalid DateTime,60097,,,,02,8,1907,60097,60097,1915,60097,0,0,8cd783d2280f06676a85923f06a68e1865d21770,0,0,0,0,0,
20200603,AK,505,57677,,11,,,,0,,373,A,6/02/2020 23:00,Invalid DateTime,Invalid DateTime,10,,Invalid DateTime,58182,,,,02,18,1961,58182,58182,1979,58182,0,0,54c7ff09b7c0b1151897ca029ca91885ac2d7f31,0,0,0,0,0,
20200602,AK,487,55716,,10,,,,0,,371,A,6/01/2020 23:00,Invalid DateTime,Invalid DateTime,10,,Invalid DateTime,56203,,,,02,20,1993,56203,56203,2013,56203,0,0,3d74dece94f2dff588e190606b22de54b77386fa,0,0,0,0,0,
20200601,AK,467,53723,,10,,,,1,,368,A,5/31/2020 23:00,Invalid DateTime,Invalid DateTime,10,,Invalid DateTime,54190,,,,02,33,2462,54190,54190,2495,54190,0,0,eff886f049906b98e0c8327680a393344d7e24d8,0,0,0,0,0,
20200531,AK,434,51261,,14,,,,2,,368,A,5/29/2020 23:00,Invalid DateTime,Invalid DateTime,10,,Invalid DateTime,51695,,,,02,0,0,51695,51695,0,51695,0,0,7582554a53045e31e416c1c125a56434d9d372df,0,0,0,0,0,
20200530,AK,434,51261,,14,,,,2,,368,A,5/29/2020 23:00,Invalid DateTime,Invalid DateTime,10,,Invalid DateTime,51695,,,,02,4,2252,51695,51695,2256,51695,0,0,3522c1645d1d1a80fe593b4804c0f810ca3a1cd7,0,0,0,0,0,
20200529,AK,430,49009,,14,,,,1,,367,A,5/28/2020 23:00,Invalid DateTime,Invalid DateTime,10,,Invalid DateTime,49439,,,,02,5,1464,49439,49439,1469,49439,0,0,f0836a78a4deb4c020fd38d9f5232eb796e4425b,0,0,0,0,0,
20200528,AK,425,47545,,10,,,,,,366,B,5/27/2020 23:00,Invalid DateTime,Invalid DateTime,10,,Invalid DateTime,47970,,,,02,13,1594,47970,47970,1607,47970,0,0,fca1802b92e7a0688fca769203c03374f227fcd1,0,0,0,0,0,
20200527,AK,412,45951,,14,,,,,,364,C,5/26/2020 23:00,Invalid DateTime,Invalid DateTime,10,,Invalid DateTime,46363,,,,02,1,1398,46363,46363,1399,46363,0,0,8f4e81cd287fd6cce8b75d95f7d6d732595a8e88,0,0,0,0,0,
20200526,AK,411,44553,,12,,,,,,362,C,5/25/2020 23:00,Invalid DateTime,Invalid DateTime,10,,Invalid DateTime,44964,,,,02,2,490,44964,44964,492,44964,0,0,bd8ec111008b3877ca0c0b54e8d2144744a4b7b5,0,0,0,0,0,
20200525,AK,409,44063,,10,,,,,,361,C,5/24/2020 23:00,Invalid DateTime,Invalid DateTime,10,,Invalid DateTime,44472,,,,02,1,964,44472,44472,965,44472,0,0,816e3defec14ea42fedc61b0e9cdc14c1f4bfa9f,0,0,0,0,0,
20200524,AK,408,43099,,10,,,,,,358,C,5/23/2020 23:00,Invalid DateTime,Invalid DateTime,10,,Invalid DateTime,43507,,,,02,0,1156,43507,43507,1156,43507,0,0,3cb0449ac504ce38c560de618958d791b90ffbc0,0,0,0,0,0,
20200523,AK,408,41943,,10,,,,,,358,C,5/23/2020 14:00,Invalid DateTime,Invalid DateTime,10,,Invalid DateTime,42351,,,,02,4,901,42351,42351,905,42351,0,0,caa3694cc8a18a28c2d831a6a00dc7b3e1cf4b58,0,0,0,0,0,
20200522,AK,404,41042,,15,,,,,,356,C,5/21/2020 23:00,Invalid DateTime,Invalid DateTime,10,,Invalid DateTime,41446,,,,02,2,1899,41446,41446,1901,41446,0,0,d6a5538902839dddee023bdfccb50de91bfad597,0,0,0,0,0,
20200521,AK,402,39143,,19,,,,,,356,C,5/20/2020 23:00,Invalid DateTime,Invalid DateTime,10,,Invalid DateTime,39545,,,,02,0,2500,39545,39545,2500,39545,0,0,dcc03711483022c47bed7c8c8d049e423383964a,0,0,0,0,0,
20200520,AK,402,36643,,16,,,,,,352,C,5/19/2020 23:00,Invalid DateTime,Invalid DateTime,10,,Invalid DateTime,37045,,,,02,3,662,37045,37045,665,37045,0,0,fa543010e750b269435ca5f4fdc53abcfb6aa23e,0,0,0,0,0,
20200519,AK,399,35981,,16,,,,,,348,B,5/18/2020 23:00,Invalid DateTime,Invalid DateTime,10,,Invalid DateTime,36380,,,,02,0,769,36380,36380,769,36380,0,0,c487049215b94e018b72f118cc2ee17f0a3db8b0,0,0,0,0,0,
20200518,AK,399,35212,,9,,,,,,345,B,5/17/2020 23:00,Invalid DateTime,Invalid DateTime,10,,Invalid DateTime,35611,,,,02,3,957,35611,35611,960,35611,0,0,3cf15c912d9306e7dacb939fba1a52aab81215ea,0,0,0,0,0,
20200517,AK,396,34255,,13,,,,,,344,B,5/16/2020 23:00,Invalid DateTime,Invalid DateTime,10,,Invalid DateTime,34651,,,,02,4,1366,34651,34651,1370,34651,0,0,8245043815628a398a919d78bdca229c2eccda5c,0,0,0,0,0,
20200516,AK,392,32889,,10,,,,,,344,B,5/15/2020 23:00,Invalid DateTime,Invalid DateTime,10,,Invalid DateTime,33281,,,,02,4,859,33281,33281,863,33281,0,0,2a95e4b5bbae6f122e6e8217b4eb894f96c7c9a4,0,0,0,0,0,
20200515,AK,388,32030,,8,,,,,,343,B,5/13/2020 23:00,Invalid DateTime,Invalid DateTime,10,,Invalid DateTime,32418,,,,02,1,655,32418,32418,656,32418,0,0,2579657cf4298f593d5d913c69e6dab893808e15,0,0,0,0,0,
20200514,AK,387,31375,,12,,,,,,339,B,5/13/2020 23:00,Invalid DateTime,Invalid DateTime,10,,Invalid DateTime,31762,,,,02,4,1109,31762,31762,1113,31762,0,0,497474630a84cf23458ff551bca3bdd831282084,0,0,0,0,0,
20200513,AK,383,30266,,12,,,,,,338,B,5/12/2020 23:00,Invalid DateTime,Invalid DateTime,10,,Invalid DateTime,30649,,,,02,0,688,30649,30649,688,30649,0,0,cc9fde72c90fb3ab6f63850f2b83ceb753ca9de0,0,0,0,0,0,
20200512,AK,383,29578,,10,,,,,,334,B,5/11/2020 23:00,Invalid DateTime,Invalid DateTime,10,,Invalid DateTime,29961,,,,02,2,1279,29961,29961,1281,29961,0,0,8a9d3c031a2e6fff17e58b27045eb5a4141a0c90,0,0,0,0,0,
20200511,AK,381,28299,,7,,,,,,328,C,5/10/2020 23:00,Invalid DateTime,Invalid DateTime,10,,Invalid DateTime,28680,,,,02,2,1314,28680,28680,1316,28680,0,0,e049f8f83960e15df29f1da250818c864c8b0930,0,0,0,0,0,
20200510,AK,379,26985,,8,,,,,,324,C,5/10/2020 13:00,Invalid DateTime,Invalid DateTime,10,,Invalid DateTime,27364,,,,02,1,914,27364,27364,915,27364,0,0,e322e12f1918f4874988a192fec45369792123c7,0,0,0,0,0,
20200509,AK,378,26071,,8,,,,,,318,C,5/08/2020 23:00,Invalid DateTime,Invalid DateTime,10,,Invalid DateTime,26449,,,,02,1,975,26449,26449,976,26449,0,0,758a2e82530c2611792cc1773802da19a5a553f1,0,0,0,0,0,
20200508,AK,377,25096,,16,,,,,,305,C,5/07/2020 23:00,Invalid DateTime,Invalid DateTime,10,,Invalid DateTime,25473,,,,02,3,1129,25473,25473,1132,25473,0,0,42941c78aaef3ed95d839e7603505df08b04041b,0,0,0,0,0,
20200507,AK,374,23967,,12,,,,,,291,C,5/06/2020 23:00,Invalid DateTime,Invalid DateTime,10,,Invalid DateTime,24341,,,,02,2,684,24341,24341,686,24341,0,0,45bc271eabf1cab02fcead838c9b5fcaa38dd006,0,0,0,0,0,
20200506,AK,372,23283,,8,,,,,,284,C,5/05/2020 23:00,Invalid DateTime,Invalid DateTime,10,,Invalid DateTime,23655,,,,02,1,962,23655,23655,963,23655,1,0,11a7ea86cccdb2a3a9049d669651cf3c214bdbe2,0,0,0,0,0,
20200505,AK,371,22321,,13,,,,,,277,C,5/04/2020 23:00,Invalid DateTime,Invalid DateTime,9,,Invalid DateTime,22692,,,,02,1,968,22692,22692,969,22692,0,0,35e55a85481e88e512657b4c3921867195c24f64,0,0,0,0,0,
20200504,AK,370,21353,,12,,,,,,263,C,5/03/2020 23:00,Invalid DateTime,Invalid DateTime,9,,Invalid DateTime,21723,,,,02,2,143,21723,21723,145,21723,0,0,62ba42af07715323057966140cd494bc8177407a,0,0,0,0,0,
20200503,AK,368,21210,,12,,,,,,262,C,5/03/2020 13:15,Invalid DateTime,Invalid DateTime,9,,Invalid DateTime,21578,,,,02,3,176,21578,21578,179,21578,0,0,fddc69c0238fc0fb1a16f3de00899bbc57129045,0,0,0,0,0,
20200502,AK,365,21034,,10,,,,,,261,C,5/01/2020 23:00,Invalid DateTime,Invalid DateTime,9,,Invalid DateTime,21399,,,,02,1,1073,21399,21399,1074,21399,0,0,75209f909980f9a3d8a41c591c5927fe1e8514d2,0,0,0,0,0,
20200501,AK,364,19961,,25,,,,,,254,C,5/01/2020 13:00,Invalid DateTime,Invalid DateTime,9,,Invalid DateTime,20325,,,,02,9,1197,20325,20325,1206,20325,0,0,9f97f190a25c799515526ea18b780b5ed9161e4c,0,0,0,0,0,
20200430,AK,355,18764,,19,,,,,,252,C,4/30/2020 14:00,Invalid DateTime,Invalid DateTime,9,,Invalid DateTime,19119,,,,02,0,0,19119,19119,0,19119,0,0,03a66936402e648e811d908a26141b0eabc3f33f,0,0,0,0,0,
20200429,AK,355,18764,,14,,,,,,240,B,4/28/2020 13:50,Invalid DateTime,Invalid DateTime,9,,Invalid DateTime,19119,,,,02,4,2026,19119,19119,2030,19119,0,0,e074c6a6010ae54d55e1bab68f472316fc459c82,0,0,0,0,0,
20200428,AK,351,16738,,16,,,,,,228,B,4/28/2020 13:50,Invalid DateTime,Invalid DateTime,9,,Invalid DateTime,17089,,,,02,6,827,17089,17089,833,17089,0,0,613f95b5c9a1cd69f9e96750b5421d58e5d223d0,0,0,0,0,0,
20200427,AK,345,15911,,10,,,,,,218,B,4/27/2020 13:00,Invalid DateTime,Invalid DateTime,9,,Invalid DateTime,16256,,,,02,4,75,16256,16256,79,16256,0,0,b78853bcaae125251fcadd4ca95b35ad41759518,0,0,0,0,0,
20200426,AK,341,15836,,14,,,,,,217,B,4/26/2020 13:15,Invalid DateTime,Invalid DateTime,9,,Invalid DateTime,16177,,,,02,2,443,16177,16177,445,16177,0,0,8e2b0f4ec5fb19997b716f7cac947b767a61fb69,0,0,0,0,0,
20200425,AK,339,15393,,32,,,,,,217,B,4/25/2020 15:00,Invalid DateTime,Invalid DateTime,9,,Invalid DateTime,15732,,,,02,0,3451,15732,15732,3451,15732,0,0,cf4d7571d4600b6f1da93055f282fbe9aa9e16f3,0,0,0,0,0,
20200424,AK,339,11942,,36,,,,,,208,A,4/24/2020 14:00,Invalid DateTime,Invalid DateTime,9,,Invalid DateTime,12281,,,,02,2,118,12281,12281,120,12281,0,0,f41d7e3c846fac8805e92d73cc1d3a2640b25c3c,0,0,0,0,0,
20200423,AK,337,11824,,42,,,,,,209,A,4/23/2020 13:00,Invalid DateTime,Invalid DateTime,9,,Invalid DateTime,12161,,,,02,2,0,12161,12161,2,12161,0,-36,f10405b7b6574125a906b7c5a44c5150a96989eb,0,0,0,0,0,
20200422,AK,335,11824,,39,36,,,,,196,A,4/22/2020 13:00,Invalid DateTime,Invalid DateTime,9,36,Invalid DateTime,12159,,,,02,6,1034,12159,12159,1040,12159,0,0,fd3c3d0e516b05d84db8cfca82a7cab4d9c2bc15,0,0,0,0,0,
20200421,AK,329,10790,,42,36,,,,,168,A,4/21/2020 14:15,Invalid DateTime,Invalid DateTime,9,36,Invalid DateTime,11119,,,,02,8,987,11119,11119,995,11119,0,0,847cb396037d6dfaa9d7b824d0c450862c5e4350,0,0,0,0,0,
20200420,AK,321,9803,,46,36,,,,,161,A,4/20/2020 13:00,Invalid DateTime,Invalid DateTime,9,36,Invalid DateTime,10124,,,,02,2,227,10124,10124,229,10124,0,0,d23a3b318d18f3e123c3e005a3b0e164d4129a50,0,0,0,0,0,
20200419,AK,319,9576,,37,36,,,,,153,A,4/18/2020 16:45,Invalid DateTime,Invalid DateTime,9,36,Invalid DateTime,9895,,,,02,5,235,9895,9895,240,9895,0,0,0180d31350131976ed8436a8866e13fe6714ccb9,0,0,0,0,0,
20200418,AK,314,9341,,39,36,,,,,147,A,4/18/2020 13:15,Invalid DateTime,Invalid DateTime,9,36,Invalid DateTime,9655,,,,02,5,200,9655,9655,205,9655,0,0,b62c7662a6e64f1633f5aa10fd1c27120efac3b6,0,0,0,0,0,
20200417,AK,309,9141,,,36,,,,,128,A,4/15/2020 23:00,Invalid DateTime,Invalid DateTime,9,36,Invalid DateTime,9450,,,,02,9,706,9450,9450,715,9450,0,1,7c25329d9a0789c8a75283c786863c514f48bae5,0,0,0,0,0,
20200416,AK,300,8435,,,35,,,,,110,A,4/16/2020 14:30,Invalid DateTime,Invalid DateTime,9,35,Invalid DateTime,8735,,,,02,7,64,8735,8735,71,8735,0,1,d58c4cbba874a0060e0ea62b47f58aafe6ae0fa4,0,0,0,0,0,
20200415,AK,293,8371,,,34,,,,,106,A,4/15/2020 14:15,Invalid DateTime,Invalid DateTime,9,34,Invalid DateTime,8664,,,,02,8,308,8664,8664,316,8664,0,2,159cd33757fbc9050f21d77f3ddc88a2062d5fc0,0,0,0,0,0,
20200414,AK,285,8063,,,32,,,,,98,A,4/14/2020 13:15,Invalid DateTime,Invalid DateTime,9,32,Invalid DateTime,8348,,,,02,8,510,8348,8348,518,8348,1,0,185ecc9928d4272f3d3809716dcdc8946c922c02,0,0,0,0,0,
20200413,AK,277,7553,,,32,,,,,85,A,4/12/2020 23:00,Invalid DateTime,Invalid DateTime,8,32,Invalid DateTime,7830,,,,02,5,-213,7830,7830,-208,7830,0,1,075a554aa8a6c86827476a2f7832e0a4515da30a,0,0,0,0,0,
20200412,AK,272,7766,,,31,,,,,66,A,4/12/2020 13:50,Invalid DateTime,Invalid DateTime,8,31,Invalid DateTime,8038,,,,02,15,291,8038,8038,306,8038,0,0,3c7fa401ab25efe9e9ecabdd63a8ab842be2e127,0,0,0,0,0,
20200411,AK,257,7475,,,31,,,,,63,A,4/11/2020 13:45,Invalid DateTime,Invalid DateTime,8,31,Invalid DateTime,7732,,,,02,11,289,7732,7732,300,7732,1,3,19463fab408fc4e9705bbad3e58e16882afa0a60,0,0,0,0,0,
20200410,AK,246,7186,,,28,,,,,55,A,4/10/2020 14:30,Invalid DateTime,Invalid DateTime,7,28,Invalid DateTime,7432,,,,02,11,198,7432,7432,209,7432,0,1,ee89a290885ba2ce82a79c70aa4eaa99eadc81e0,0,0,0,0,0,
20200409,AK,235,6988,,,27,,,,,49,A,4/09/2020 15:00,Invalid DateTime,Invalid DateTime,7,27,Invalid DateTime,7223,,,,02,9,146,7223,7223,155,7223,0,0,b60a8124c3873fe36c9dc39a88e0f009ab88b4f4,0,0,0,0,0,
20200408,AK,226,6842,,,27,,,,,32,A,4/08/2020 14:00,Invalid DateTime,Invalid DateTime,7,27,Invalid DateTime,7068,,,,02,13,142,7068,7068,155,7068,1,4,b2f1a62f8e45eb87fce07c17ab6694b699f3b18e,0,0,0,0,0,
20200407,AK,213,6700,,,23,,,,,29,A,4/07/2020 14:15,Invalid DateTime,Invalid DateTime,6,23,Invalid DateTime,6913,,,,02,22,8,6913,6913,30,6913,0,0,d746bac8f25849b27215282952df4fdd61dd66c9,0,0,0,0,0,
20200406,AK,191,6692,,,23,,,,,,A,4/06/2020 13:45,Invalid DateTime,Invalid DateTime,6,23,Invalid DateTime,6883,,,,02,6,593,6883,6883,599,6883,0,3,b8d49b087eed741869d8f42c22c741f437b98a2e,0,0,0,0,0,
20200405,AK,185,6099,,,20,,,,,,A,4/04/2020 23:00,Invalid DateTime,Invalid DateTime,6,20,Invalid DateTime,6284,,,,02,14,230,6284,6284,244,6284,1,4,d88534015c6acc0faa5f07a091cf6a0acbef3bf0,0,0,0,0,0,
20200404,AK,171,5869,,,16,,,,,,A,4/04/2020 15:00,Invalid DateTime,Invalid DateTime,5,16,Invalid DateTime,6040,,,,02,14,10,6040,6040,24,6040,2,1,043ec5d1167a0732195826a8467fb17940a8271c,0,0,0,0,0,
20200403,AK,157,5859,,,15,,,,,,A,4/03/2020 15:00,Invalid DateTime,Invalid DateTime,3,15,Invalid DateTime,6016,,,,02,14,980,6016,6016,994,6016,0,6,34a0bf94ea881018c250bc5d60af2fa0ccfe3571,0,0,0,0,0,
20200402,AK,143,4879,,,9,,,,,,A,4/01/2020 20:00,Invalid DateTime,Invalid DateTime,3,9,Invalid DateTime,5022,,,,02,10,409,5022,5022,419,5022,0,0,48f73899c7ea79edbacd508331e60fdd54298312,0,0,0,0,0,
20200401,AK,133,4470,,,9,,,,,,A,3/31/2020 18:00,Invalid DateTime,Invalid DateTime,3,9,Invalid DateTime,4603,,,,02,14,876,4603,4603,890,4603,0,2,c5dccc5c8c8879e5077cf80e75bfe2e85d1a421a,0,0,0,0,0,
20200331,AK,119,3594,,,7,,,,,,A,3/30/2020 18:00,Invalid DateTime,Invalid DateTime,3,7,Invalid DateTime,3713,,,,02,5,54,3713,3713,59,3713,0,0,790553771e1111a94391823f5a646c61a9f8f4d2,0,0,0,0,0,
20200330,AK,114,3540,,,7,,,,,,A,3/29/2020 18:00,Invalid DateTime,Invalid DateTime,3,7,Invalid DateTime,3654,,,,02,12,308,3654,3654,320,3654,1,1,9910039ca0f52e04cdeb437c036a48d02dc3763e,0,0,0,0,0,
20200329,AK,102,3232,,,6,,,,,,A,3/28/2020 18:00,Invalid DateTime,Invalid DateTime,2,6,Invalid DateTime,3334,,,,02,17,396,3334,3334,413,3334,0,1,233388ebf9906438fc2075b2cbd3e32bc2233604,0,0,0,0,0,
20200328,AK,85,2836,,,5,,,,,,A,3/27/2020 18:00,Invalid DateTime,Invalid DateTime,2,5,Invalid DateTime,2921,,,,02,16,517,2921,2921,533,2921,1,2,f3a976c93ba434e8adcb9a6fc2181062c6d96fbd,0,0,0,0,0,
20200327,AK,69,2319,13,,3,,,,,,A,3/26/2020 20:00,Invalid DateTime,Invalid DateTime,1,3,Invalid DateTime,2388,,,,02,10,518,2401,2388,528,2388,0,0,35b7d971a959772f6df544ee6f30fc94c84d2530,0,0,0,0,0,
20200326,AK,59,1801,,,3,,,,,,A,3/25/2020 20:00,Invalid DateTime,Invalid DateTime,1,3,Invalid DateTime,1860,,,,02,17,152,1860,1860,169,1860,0,2,b2d34e0afa7b1e81d9263710476e5b49ed5799e0,0,0,0,0,0,
20200325,AK,42,1649,,,1,,,,,,A,3/24/2020 20:00,Invalid DateTime,Invalid DateTime,1,1,Invalid DateTime,1691,,,,02,6,663,1691,1691,669,1691,1,1,68cbccdd07b514260836837807219efcd646e0a4,0,0,0,0,0,
20200324,AK,36,986,,,0,,,,,,A,3/23/2020 18:00,Invalid DateTime,Invalid DateTime,0,0,Invalid DateTime,1022,,,,02,14,40,1022,1022,54,1022,0,0,28d33fa9d41fe5d321a019b7fdb6648ec3a5af3b,0,0,0,0,0,
20200323,AK,22,946,,,0,,,,,,A,3/21/2020 15:30,Invalid DateTime,Invalid DateTime,0,0,Invalid DateTime,968,,,,02,0,0,968,968,0,968,0,0,08fb89d1dcf9460a26cc338efa8e040dbda7c503,0,0,0,0,0,
20200322,AK,22,946,,,0,,,,,,,3/21/2020 15:30,Invalid DateTime,Invalid DateTime,0,0,Invalid DateTime,968,,,,02,8,188,968,968,196,968,0,0,b3b473e57657088e3b5639a3dfedc2215ebadb3a,0,0,0,0,0,
20200321,AK,14,758,,,0,,,,,,,3/21/2020 15:30,Invalid DateTime,Invalid DateTime,0,0,Invalid DateTime,772,,,,02,2,72,772,772,74,772,0,0,d480ab0e2c3ae939ff689120b84d5f0ff214ef34,0,0,0,0,0,
20200320,AK,12,686,,,,,,,,,,3/20/2020 15:30,Invalid DateTime,Invalid DateTime,0,,Invalid DateTime,698,,,,02,6,254,698,698,260,698,0,0,459060e5d0561e3148b2017b03e45bdd50ed6ba4,0,0,0,0,0,
20200319,AK,6,432,,,,,,,,,,3/18/2020 15:30,Invalid DateTime,Invalid DateTime,0,,Invalid DateTime,438,,,,02,0,26,438,438,26,438,0,0,c99490c15d3233850621de8dd141eb7b3227904e,0,0,0,0,0,
20200318,AK,6,406,,,,,,,,,,3/17/2020 22:00,Invalid DateTime,Invalid DateTime,0,,Invalid DateTime,412,,,,02,3,72,412,412,75,412,0,0,c84bfb0c9b104b05eebb3407c738a52097ed6cf1,0,0,0,0,0,
20200317,AK,3,334,,,,,,,,,,3/16/2020 23:01,Invalid DateTime,Invalid DateTime,0,,Invalid DateTime,337,,,,02,2,191,337,337,193,337,0,0,af59f538cf0bb3515cf22df972e404f85b784080,0,0,0,0,0,
20200316,AK,1,143,,,,,,,,,,3/16/2020 14:06,Invalid DateTime,Invalid DateTime,0,,Invalid DateTime,144,,,,02,0,0,144,144,0,144,0,0,2f436f9d21422379efab2e6150c7aad5b2430e0c,0,0,0,0,0,
20200315,AK,1,143,,,,,,,,,,3/13/2020 15:30,Invalid DateTime,Invalid DateTime,0,,Invalid DateTime,144,,,,02,0,0,144,144,0,144,0,0,6ca62bffa8e7ed6a14ab5431f59a3cf02c11ff76,0,0,0,0,0,
20200314,AK,1,143,,,,,,,,,,3/13/2020 15:30,Invalid DateTime,Invalid DateTime,0,,Invalid DateTime,144,,,,02,0,84,144,144,84,144,0,0,16b7d8836189cbf913cf42c1f7f135d0aa542145,0,0,0,0,0,
20200313,AK,1,59,,,,,,,,,,3/12/2020 23:00,Invalid DateTime,Invalid DateTime,0,,Invalid DateTime,60,,,,02,1,13,60,60,14,60,0,0,eefe217124d6d1640eb157f0467935dba75ab83d,0,0,0,0,0,
20200312,AK,0,46,14,,,,,,,,,3/11/2020 15:30,Invalid DateTime,Invalid DateTime,0,,Invalid DateTime,46,,,,02,0,0,60,46,0,46,0,0,c5a8b2cf7f231933bb5ceb994819f820b08baf88,0,0,0,0,0,
20200311,AK,0,46,14,,,,,,,,,,,,0,,,46,,,,02,0,23,60,46,23,46,0,0,197a14aa568bac601d5cf65b007b6e678b8e859c,0,0,0,0,0,
20200310,AK,0,23,9,,,,,,,,,,,,0,,,23,,,,02,0,0,32,23,0,23,0,0,0abd18e1aeea380c558da84a4d28ab61d429efb8,0,0,0,0,0,
20200309,AK,0,23,9,,,,,,,,,,,,0,,,23,,,,02,0,9,32,23,9,23,0,0,21d9c186d4128d0b5cc4edbe6f3c28070fa8c132,0,0,0,0,0,
20200308,AK,0,14,6,,,,,,,,,,,,0,,,14,,,,02,0,2,20,14,2,14,0,0,8fd1986b309832af8686d83821e07dcc1ccc3798,0,0,0,0,0,
20200307,AK,0,12,2,,,,,,,,,,,,0,,,12,,,,02,0,4,14,12,4,12,0,0,496588e483eef5deba0aaf5c5ce614d785524594,0,0,0,0,0,
20200306,AK,0,8,1,,,,,,,,,,,,0,,,8,,,,02,0,0,9,8,0,8,0,0,ad8b6939bd9fcf13b77ed0b0ffe45ec3623dd34c,0,0,0,0,0,
